M=-1:(1.11534e+23,0)
M=0:(1.11534e+23,0)
M=1:(1.11534e+23,0)
